V 54
K 1
D 0 -2794000 2794000 1524000
Y 1
U 2413000 1524000 254000 0 2 3 REFDES=IC?
U 2413000 1270000 254000 0 2 3 DEVICE=TCPP01-M12
U 2413000 1016000 254000 0 2 0 PKG_TYPE=QFN50P300X300X100-13N-D
U 2413000 762000 254000 0 2 0 Description=USB Type-C and power delivery protection for sink application
U 2413000 508000 254000 0 2 0 Datasheet Link=https://www.st.com/resource/en/datasheet/tcpp01-m12.pdf
U 2413000 254000 254000 0 2 0 Height=1
U 2413000 0 254000 0 2 0 Manufacturer_Name=STMicroelectronics
U 2413000 -254000 254000 0 2 0 Manufacturer_Part_Number=TCPP01-M12
U 2413000 -508000 254000 0 2 0 Mouser Part Number=511-TCPP01-M12
U 2413000 -762000 254000 0 2 0 Mouser Price/Stock=https://www.mouser.co.uk/ProductDetail/STMicroelectronics/TCPP01-M12?qs=%252B6g0mu59x7KCafIwapwG2A%3D%3D
U 2413000 -1016000 254000 0 2 0 Arrow Part Number=TCPP01-M12
U 2413000 -1270000 254000 0 2 0 Arrow Price/Stock=https://www.arrow.com/en/products/tcpp01-m12/stmicroelectronics.html?utm_currency=USD&region=europe
U 0 0 254000 0 1 0 FORWARD_PCB=1
l 5 508000 1016000 2286000 1016000 2286000 -2286000 508000 -2286000 508000 1016000
|GRPHSTL -1 -1 -1 1
P 1 0 0 508000 0 0 2 0
L 584200 0 228600 0 2 0 1 0 CC2
A 355600 50800 203200 0 9 3 #=1
A 0 0 9 0 3 0 PINTYPE=BI
P 2 0 -254000 508000 -254000 0 2 0
L 584200 -254000 228600 0 2 0 1 0 GND
A 355600 -203200 203200 0 9 3 #=2
A 0 0 9 0 3 0 PINTYPE=BI
P 3 0 -508000 508000 -508000 0 2 0
L 584200 -508000 228600 0 2 0 1 0 CC1
A 355600 -457200 203200 0 9 3 #=3
A 0 0 9 0 3 0 PINTYPE=BI
P 4 1016000 -2794000 1016000 -2286000 0 1 0
L 1016000 -2209800 228600 1 2 0 1 0 SOURCE
A 965200 -2438400 203200 1 9 3 #=4
A 0 0 9 0 3 0 PINTYPE=BI
P 5 1270000 -2794000 1270000 -2286000 0 1 0
L 1270000 -2209800 228600 1 2 0 1 0 GATE
A 1219200 -2438400 203200 1 9 3 #=5
A 0 0 9 0 3 0 PINTYPE=BI
P 6 1524000 -2794000 1524000 -2286000 0 1 0
L 1524000 -2209800 228600 1 2 0 1 0 VBUS_CTRL
A 1473200 -2438400 203200 1 9 3 #=6
A 0 0 9 0 3 0 PINTYPE=BI
P 7 2794000 0 2286000 0 0 3 0
L 2209800 0 228600 0 8 0 1 0 CC2C
A 2438400 50800 203200 0 3 3 #=9
A 0 0 9 0 3 0 PINTYPE=BI
P 8 2794000 -254000 2286000 -254000 0 3 0
L 2209800 -254000 228600 0 8 0 1 0 IN_GD
A 2438400 -203200 203200 0 3 3 #=8
A 0 0 9 0 3 0 PINTYPE=BI
P 9 2794000 -508000 2286000 -508000 0 3 0
L 2209800 -508000 228600 0 8 0 1 0 CC1C
A 2438400 -457200 203200 0 3 3 #=7
A 0 0 9 0 3 0 PINTYPE=BI
P 10 1016000 1524000 1016000 1016000 0 0 0
L 1016000 939800 228600 1 8 0 1 0 EP
A 965200 1168400 203200 1 3 3 #=13
A 0 0 9 0 3 0 PINTYPE=BI
P 11 1270000 1524000 1270000 1016000 0 0 0
L 1270000 939800 228600 1 8 0 1 0 VCC
A 1219200 1168400 203200 1 3 3 #=12
A 0 0 9 0 3 0 PINTYPE=BI
P 12 1524000 1524000 1524000 1016000 0 0 0
L 1524000 939800 228600 1 8 0 1 0 FLT/
A 1473200 1168400 203200 1 3 3 #=11
A 0 0 9 0 3 0 PINTYPE=BI
P 13 1778000 1524000 1778000 1016000 0 0 0
L 1778000 939800 228600 1 8 0 1 0 DB/
A 1727200 1168400 203200 1 3 3 #=10
A 0 0 9 0 3 0 PINTYPE=BI
E
