V 54
K 1
D 0 -2794000 3556000 1524000
Y 1
U 3175000 1524000 254000 0 2 3 REFDES=IC?
U 3175000 1270000 254000 0 2 3 DEVICE=TMC6300-LA
U 3175000 1016000 254000 0 2 0 PKG_TYPE=QFN40P300X300X90-21N
U 3175000 762000 254000 0 2 0 Description=Highly Efficient Low Voltage, Zero Standby Current Driver for 3-Phase BLDC/PMSM Motors up to 2A peak, Triple Half-Bridge with separate HS and LS control signals
U 3175000 508000 254000 0 2 0 Datasheet Link=https://www.analog.com/TMC6300/datasheet
U 3175000 254000 254000 0 2 0 Height=0.9
U 3175000 0 254000 0 2 0 Manufacturer_Name=Analog Devices
U 3175000 -254000 254000 0 2 0 Manufacturer_Part_Number=TMC6300-LA
U 3175000 -508000 254000 0 2 0 Mouser Part Number=700-TMC6300-LA
U 3175000 -762000 254000 0 2 0 Mouser Price/Stock=https://www.mouser.co.uk/ProductDetail/ADI-Trinamic/TMC6300-LA?qs=QNEnbhJQKvYIagO3WUG%252BYg%3D%3D
U 3175000 -1016000 254000 0 2 0 Arrow Part Number=TMC6300-LA
U 3175000 -1270000 254000 0 2 0 Arrow Price/Stock=https://www.arrow.com/en/products/tmc6300-la/analog-devices?region=nac
U 0 0 254000 0 1 0 FORWARD_PCB=1
l 5 508000 1016000 3048000 1016000 3048000 -2286000 508000 -2286000 508000 1016000
|GRPHSTL -1 -1 -1 1
P 1 0 0 508000 0 0 2 0
L 584200 0 228600 0 2 0 1 0 W
A 355600 50800 203200 0 9 3 #=1
A 0 0 9 0 3 0 PINTYPE=BI
P 2 0 -254000 508000 -254000 0 2 0
L 584200 -254000 228600 0 2 0 1 0 VCP
A 355600 -203200 203200 0 9 3 #=2
A 0 0 9 0 3 0 PINTYPE=BI
P 3 0 -508000 508000 -508000 0 2 0
L 584200 -508000 228600 0 2 0 1 0 UH
A 355600 -457200 203200 0 9 3 #=3
A 0 0 9 0 3 0 PINTYPE=BI
P 4 0 -762000 508000 -762000 0 2 0
L 584200 -762000 228600 0 2 0 1 0 VH
A 355600 -711200 203200 0 9 3 #=4
A 0 0 9 0 3 0 PINTYPE=BI
P 5 0 -1016000 508000 -1016000 0 2 0
L 584200 -1016000 228600 0 2 0 1 0 WH
A 355600 -965200 203200 0 9 3 #=5
A 0 0 9 0 3 0 PINTYPE=BI
P 6 1270000 -2794000 1270000 -2286000 0 1 0
L 1270000 -2209800 228600 1 2 0 1 0 UL
A 1219200 -2438400 203200 1 9 3 #=6
A 0 0 9 0 3 0 PINTYPE=BI
P 7 1524000 -2794000 1524000 -2286000 0 1 0
L 1524000 -2209800 228600 1 2 0 1 0 WL
A 1473200 -2438400 203200 1 9 3 #=7
A 0 0 9 0 3 0 PINTYPE=BI
P 8 1778000 -2794000 1778000 -2286000 0 1 0
L 1778000 -2209800 228600 1 2 0 1 0 GND_1
A 1727200 -2438400 203200 1 9 3 #=8
A 0 0 9 0 3 0 PINTYPE=BI
P 9 2032000 -2794000 2032000 -2286000 0 1 0
L 2032000 -2209800 228600 1 2 0 1 0 GND_2
A 1981200 -2438400 203200 1 9 3 #=9
A 0 0 9 0 3 0 PINTYPE=BI
P 10 2286000 -2794000 2286000 -2286000 0 1 0
L 2286000 -2209800 228600 1 2 0 1 0 VL
A 2235200 -2438400 203200 1 9 3 #=10
A 0 0 9 0 3 0 PINTYPE=BI
P 11 3556000 0 3048000 0 0 3 0
L 2971800 0 228600 0 8 0 1 0 U
A 3200400 50800 203200 0 3 3 #=15
A 0 0 9 0 3 0 PINTYPE=BI
P 12 3556000 -254000 3048000 -254000 0 3 0
L 2971800 -254000 228600 0 8 0 1 0 GND_3
A 3200400 -203200 203200 0 3 3 #=14
A 0 0 9 0 3 0 PINTYPE=BI
P 13 3556000 -508000 3048000 -508000 0 3 0
L 2971800 -508000 228600 0 8 0 1 0 1.8VOUT
A 3200400 -457200 203200 0 3 3 #=13
A 0 0 9 0 3 0 PINTYPE=BI
P 14 3556000 -762000 3048000 -762000 0 3 0
L 2971800 -762000 228600 0 8 0 1 0 DIAG
A 3200400 -711200 203200 0 3 3 #=12
A 0 0 9 0 3 0 PINTYPE=BI
P 15 3556000 -1016000 3048000 -1016000 0 3 0
L 2971800 -1016000 228600 0 8 0 1 0 VIO/NSTDBY
A 3200400 -965200 203200 0 3 3 #=11
A 0 0 9 0 3 0 PINTYPE=BI
P 16 1016000 1524000 1016000 1016000 0 0 0
L 1016000 939800 228600 1 8 0 1 0 EP
A 965200 1168400 203200 1 3 3 #=21
A 0 0 9 0 3 0 PINTYPE=BI
P 17 1270000 1524000 1270000 1016000 0 0 0
L 1270000 939800 228600 1 8 0 1 0 BRW
A 1219200 1168400 203200 1 3 3 #=20
A 0 0 9 0 3 0 PINTYPE=BI
P 18 1524000 1524000 1524000 1016000 0 0 0
L 1524000 939800 228600 1 8 0 1 0 N.C.
A 1473200 1168400 203200 1 3 3 #=19
A 0 0 9 0 3 0 PINTYPE=BI
P 19 1778000 1524000 1778000 1016000 0 0 0
L 1778000 939800 228600 1 8 0 1 0 VS
A 1727200 1168400 203200 1 3 3 #=18
A 0 0 9 0 3 0 PINTYPE=BI
P 20 2032000 1524000 2032000 1016000 0 0 0
L 2032000 939800 228600 1 8 0 1 0 V
A 1981200 1168400 203200 1 3 3 #=17
A 0 0 9 0 3 0 PINTYPE=BI
P 21 2286000 1524000 2286000 1016000 0 0 0
L 2286000 939800 228600 1 8 0 1 0 BRUV
A 2235200 1168400 203200 1 3 3 #=16
A 0 0 9 0 3 0 PINTYPE=BI
E
